Page width: 1695.0px  RESOLUTION: 4px/bucket
Total bboxes: 198  narrow (<=475px): 189
Histogram buckets: 425
Detected gutters (px): [194, 434, 818, 1022, 1274]

Bucket | Centre_px | Count | Bar
------------------------------------------------------------
    0 |      2.0 |     0 | 
    1 |      6.0 |     0 | 
    2 |     10.0 |     0 | 
    3 |     14.0 |     0 | 
    4 |     18.0 |     0 | 
    5 |     22.0 |     0 | 
    6 |     26.0 |     0 | 
    7 |     30.0 |     0 | 
    8 |     34.0 |     0 | 
    9 |     38.0 |     0 | 
   10 |     42.0 |     0 | 
   11 |     46.0 |     0 | 
   12 |     50.0 |     0 | 
   13 |     54.0 |     0 | 
   14 |     58.0 |     0 | 
   15 |     62.0 |     0 | 
   16 |     66.0 |     0 | 
   17 |     70.0 |     0 | 
   18 |     74.0 |     0 | 
   19 |     78.0 |     0 | 
   20 |     82.0 |     0 | 
   21 |     86.0 |     0 | 
   22 |     90.0 |     0 | 
   23 |     94.0 |     0 | 
   24 |     98.0 |     0 | 
   25 |    102.0 |     0 | 
   26 |    106.0 |     0 | 
   27 |    110.0 |     0 | 
   28 |    114.0 |     0 | 
   29 |    118.0 |     0 | 
   30 |    122.0 |     0 | 
   31 |    126.0 |     1 | █
   32 |    130.0 |     0 | 
   33 |    134.0 |     0 | 
   34 |    138.0 |     0 | 
   35 |    142.0 |     0 | 
   36 |    146.0 |     0 | 
   37 |    150.0 |     0 | 
   38 |    154.0 |     0 | 
   39 |    158.0 |     0 | 
   40 |    162.0 |     0 | 
   41 |    166.0 |     1 | █
   42 |    170.0 |     0 | 
   43 |    174.0 |     2 | ██
   44 |    178.0 |     0 | 
   45 |    182.0 |     0 | 
   46 |    186.0 |     0 |  <- GUTTER
   47 |    190.0 |     0 |  <- GUTTER
   48 |    194.0 |     1 | █ <- GUTTER
   49 |    198.0 |     0 |  <- GUTTER
   50 |    202.0 |     0 |  <- GUTTER
   51 |    206.0 |     1 | █
   52 |    210.0 |     0 | 
   53 |    214.0 |     1 | █
   54 |    218.0 |    24 | ██████████████████████████████
   55 |    222.0 |    21 | ███████████████████████████
   56 |    226.0 |     4 | █████
   57 |    230.0 |     5 | ██████
   58 |    234.0 |     0 | 
   59 |    238.0 |     3 | ███
   60 |    242.0 |     0 | 
   61 |    246.0 |     0 | 
   62 |    250.0 |     0 | 
   63 |    254.0 |     0 | 
   64 |    258.0 |     0 | 
   65 |    262.0 |     0 | 
   66 |    266.0 |     0 | 
   67 |    270.0 |     0 | 
   68 |    274.0 |     0 | 
   69 |    278.0 |     0 | 
   70 |    282.0 |     0 | 
   71 |    286.0 |     0 | 
   72 |    290.0 |     0 | 
   73 |    294.0 |     0 | 
   74 |    298.0 |     0 | 
   75 |    302.0 |     0 | 
   76 |    306.0 |     0 | 
   77 |    310.0 |     0 | 
   78 |    314.0 |     0 | 
   79 |    318.0 |     0 | 
   80 |    322.0 |     0 | 
   81 |    326.0 |     0 | 
   82 |    330.0 |     0 | 
   83 |    334.0 |     0 | 
   84 |    338.0 |     0 | 
   85 |    342.0 |     0 | 
   86 |    346.0 |     0 | 
   87 |    350.0 |     0 | 
   88 |    354.0 |     0 | 
   89 |    358.0 |     0 | 
   90 |    362.0 |     0 | 
   91 |    366.0 |     0 | 
   92 |    370.0 |     0 | 
   93 |    374.0 |     0 | 
   94 |    378.0 |     0 | 
   95 |    382.0 |     0 | 
   96 |    386.0 |     0 | 
   97 |    390.0 |     0 | 
   98 |    394.0 |     0 | 
   99 |    398.0 |     0 | 
  100 |    402.0 |     0 | 
  101 |    406.0 |     0 | 
  102 |    410.0 |     0 | 
  103 |    414.0 |     0 | 
  104 |    418.0 |     0 | 
  105 |    422.0 |     0 | 
  106 |    426.0 |     0 |  <- GUTTER
  107 |    430.0 |     0 |  <- GUTTER
  108 |    434.0 |     0 |  <- GUTTER
  109 |    438.0 |     0 |  <- GUTTER
  110 |    442.0 |     0 |  <- GUTTER
  111 |    446.0 |     0 | 
  112 |    450.0 |     0 | 
  113 |    454.0 |     0 | 
  114 |    458.0 |     0 | 
  115 |    462.0 |     0 | 
  116 |    466.0 |     0 | 
  117 |    470.0 |     0 | 
  118 |    474.0 |     0 | 
  119 |    478.0 |     0 | 
  120 |    482.0 |     0 | 
  121 |    486.0 |     0 | 
  122 |    490.0 |     0 | 
  123 |    494.0 |     0 | 
  124 |    498.0 |     1 | █
  125 |    502.0 |     0 | 
  126 |    506.0 |     0 | 
  127 |    510.0 |     0 | 
  128 |    514.0 |     0 | 
  129 |    518.0 |     0 | 
  130 |    522.0 |     0 | 
  131 |    526.0 |     0 | 
  132 |    530.0 |     0 | 
  133 |    534.0 |     0 | 
  134 |    538.0 |     0 | 
  135 |    542.0 |     0 | 
  136 |    546.0 |     0 | 
  137 |    550.0 |     0 | 
  138 |    554.0 |     0 | 
  139 |    558.0 |     0 | 
  140 |    562.0 |     0 | 
  141 |    566.0 |     0 | 
  142 |    570.0 |     0 | 
  143 |    574.0 |     0 | 
  144 |    578.0 |     0 | 
  145 |    582.0 |     0 | 
  146 |    586.0 |     0 | 
  147 |    590.0 |     0 | 
  148 |    594.0 |     0 | 
  149 |    598.0 |     0 | 
  150 |    602.0 |     0 | 
  151 |    606.0 |     0 | 
  152 |    610.0 |     0 | 
  153 |    614.0 |     0 | 
  154 |    618.0 |     0 | 
  155 |    622.0 |     1 | █
  156 |    626.0 |     0 | 
  157 |    630.0 |     0 | 
  158 |    634.0 |     2 | ██
  159 |    638.0 |     1 | █
  160 |    642.0 |     2 | ██
  161 |    646.0 |     2 | ██
  162 |    650.0 |     4 | █████
  163 |    654.0 |     0 | 
  164 |    658.0 |     0 | 
  165 |    662.0 |     0 | 
  166 |    666.0 |     1 | █
  167 |    670.0 |     0 | 
  168 |    674.0 |     0 | 
  169 |    678.0 |     0 | 
  170 |    682.0 |     0 | 
  171 |    686.0 |     0 | 
  172 |    690.0 |     0 | 
  173 |    694.0 |     0 | 
  174 |    698.0 |     0 | 
  175 |    702.0 |     0 | 
  176 |    706.0 |     0 | 
  177 |    710.0 |     0 | 
  178 |    714.0 |     0 | 
  179 |    718.0 |     0 | 
  180 |    722.0 |     0 | 
  181 |    726.0 |     0 | 
  182 |    730.0 |     0 | 
  183 |    734.0 |     0 | 
  184 |    738.0 |     0 | 
  185 |    742.0 |     0 | 
  186 |    746.0 |     0 | 
  187 |    750.0 |     0 | 
  188 |    754.0 |     0 | 
  189 |    758.0 |     0 | 
  190 |    762.0 |     0 | 
  191 |    766.0 |     0 | 
  192 |    770.0 |     0 | 
  193 |    774.0 |     0 | 
  194 |    778.0 |     0 | 
  195 |    782.0 |     0 | 
  196 |    786.0 |     0 | 
  197 |    790.0 |     0 | 
  198 |    794.0 |     0 | 
  199 |    798.0 |     0 | 
  200 |    802.0 |     0 | 
  201 |    806.0 |     0 | 
  202 |    810.0 |     0 |  <- GUTTER
  203 |    814.0 |     0 |  <- GUTTER
  204 |    818.0 |     0 |  <- GUTTER
  205 |    822.0 |     0 |  <- GUTTER
  206 |    826.0 |     0 |  <- GUTTER
  207 |    830.0 |     0 | 
  208 |    834.0 |     0 | 
  209 |    838.0 |     0 | 
  210 |    842.0 |     0 | 
  211 |    846.0 |     0 | 
  212 |    850.0 |     0 | 
  213 |    854.0 |     0 | 
  214 |    858.0 |     0 | 
  215 |    862.0 |     0 | 
  216 |    866.0 |     0 | 
  217 |    870.0 |     0 | 
  218 |    874.0 |     0 | 
  219 |    878.0 |     0 | 
  220 |    882.0 |     0 | 
  221 |    886.0 |     0 | 
  222 |    890.0 |     1 | █
  223 |    894.0 |     0 | 
  224 |    898.0 |     0 | 
  225 |    902.0 |     0 | 
  226 |    906.0 |     1 | █
  227 |    910.0 |     0 | 
  228 |    914.0 |     0 | 
  229 |    918.0 |     0 | 
  230 |    922.0 |     0 | 
  231 |    926.0 |     0 | 
  232 |    930.0 |     0 | 
  233 |    934.0 |     0 | 
  234 |    938.0 |     0 | 
  235 |    942.0 |     0 | 
  236 |    946.0 |     0 | 
  237 |    950.0 |     0 | 
  238 |    954.0 |     0 | 
  239 |    958.0 |     0 | 
  240 |    962.0 |     0 | 
  241 |    966.0 |     0 | 
  242 |    970.0 |     0 | 
  243 |    974.0 |     0 | 
  244 |    978.0 |     1 | █
  245 |    982.0 |     0 | 
  246 |    986.0 |     0 | 
  247 |    990.0 |     2 | ██
  248 |    994.0 |     0 | 
  249 |    998.0 |     0 | 
  250 |   1002.0 |     0 | 
  251 |   1006.0 |     0 | 
  252 |   1010.0 |     0 | 
  253 |   1014.0 |     0 |  <- GUTTER
  254 |   1018.0 |     1 | █ <- GUTTER
  255 |   1022.0 |     0 |  <- GUTTER
  256 |   1026.0 |     0 |  <- GUTTER
  257 |   1030.0 |     0 |  <- GUTTER
  258 |   1034.0 |     0 | 
  259 |   1038.0 |     0 | 
  260 |   1042.0 |     0 | 
  261 |   1046.0 |     0 | 
  262 |   1050.0 |     0 | 
  263 |   1054.0 |     1 | █
  264 |   1058.0 |    22 | ████████████████████████████
  265 |   1062.0 |    17 | █████████████████████
  266 |   1066.0 |     0 | 
  267 |   1070.0 |     4 | █████
  268 |   1074.0 |     2 | ██
  269 |   1078.0 |     0 | 
  270 |   1082.0 |     1 | █
  271 |   1086.0 |     0 | 
  272 |   1090.0 |     0 | 
  273 |   1094.0 |     0 | 
  274 |   1098.0 |     0 | 
  275 |   1102.0 |     0 | 
  276 |   1106.0 |     0 | 
  277 |   1110.0 |     0 | 
  278 |   1114.0 |     0 | 
  279 |   1118.0 |     0 | 
  280 |   1122.0 |     0 | 
  281 |   1126.0 |     0 | 
  282 |   1130.0 |     0 | 
  283 |   1134.0 |     0 | 
  284 |   1138.0 |     0 | 
  285 |   1142.0 |     0 | 
  286 |   1146.0 |     0 | 
  287 |   1150.0 |     0 | 
  288 |   1154.0 |     0 | 
  289 |   1158.0 |     0 | 
  290 |   1162.0 |     0 | 
  291 |   1166.0 |     0 | 
  292 |   1170.0 |     0 | 
  293 |   1174.0 |     0 | 
  294 |   1178.0 |     0 | 
  295 |   1182.0 |     0 | 
  296 |   1186.0 |     0 | 
  297 |   1190.0 |     0 | 
  298 |   1194.0 |     0 | 
  299 |   1198.0 |     0 | 
  300 |   1202.0 |     0 | 
  301 |   1206.0 |     0 | 
  302 |   1210.0 |     0 | 
  303 |   1214.0 |     0 | 
  304 |   1218.0 |     0 | 
  305 |   1222.0 |     0 | 
  306 |   1226.0 |     0 | 
  307 |   1230.0 |     0 | 
  308 |   1234.0 |     0 | 
  309 |   1238.0 |     0 | 
  310 |   1242.0 |     0 | 
  311 |   1246.0 |     0 | 
  312 |   1250.0 |     0 | 
  313 |   1254.0 |     0 | 
  314 |   1258.0 |     0 | 
  315 |   1262.0 |     0 | 
  316 |   1266.0 |     0 |  <- GUTTER
  317 |   1270.0 |     0 |  <- GUTTER
  318 |   1274.0 |     0 |  <- GUTTER
  319 |   1278.0 |     0 |  <- GUTTER
  320 |   1282.0 |     0 |  <- GUTTER
  321 |   1286.0 |     0 | 
  322 |   1290.0 |     0 | 
  323 |   1294.0 |     0 | 
  324 |   1298.0 |     0 | 
  325 |   1302.0 |     0 | 
  326 |   1306.0 |     0 | 
  327 |   1310.0 |     0 | 
  328 |   1314.0 |     0 | 
  329 |   1318.0 |     0 | 
  330 |   1322.0 |     0 | 
  331 |   1326.0 |     0 | 
  332 |   1330.0 |     0 | 
  333 |   1334.0 |     1 | █
  334 |   1338.0 |     0 | 
  335 |   1342.0 |     0 | 
  336 |   1346.0 |     0 | 
  337 |   1350.0 |     0 | 
  338 |   1354.0 |     0 | 
  339 |   1358.0 |     0 | 
  340 |   1362.0 |     0 | 
  341 |   1366.0 |     0 | 
  342 |   1370.0 |     1 | █
  343 |   1374.0 |     0 | 
  344 |   1378.0 |     0 | 
  345 |   1382.0 |     0 | 
  346 |   1386.0 |     0 | 
  347 |   1390.0 |     0 | 
  348 |   1394.0 |     0 | 
  349 |   1398.0 |     0 | 
  350 |   1402.0 |     1 | █
  351 |   1406.0 |     0 | 
  352 |   1410.0 |     0 | 
  353 |   1414.0 |     0 | 
  354 |   1418.0 |     0 | 
  355 |   1422.0 |     0 | 
  356 |   1426.0 |     0 | 
  357 |   1430.0 |     0 | 
  358 |   1434.0 |     0 | 
  359 |   1438.0 |     0 | 
  360 |   1442.0 |     0 | 
  361 |   1446.0 |     0 | 
  362 |   1450.0 |     0 | 
  363 |   1454.0 |     1 | █
  364 |   1458.0 |     0 | 
  365 |   1462.0 |     0 | 
  366 |   1466.0 |     0 | 
  367 |   1470.0 |     1 | █
  368 |   1474.0 |     0 | 
  369 |   1478.0 |     4 | █████
  370 |   1482.0 |    31 | ████████████████████████████████████████
  371 |   1486.0 |     9 | ███████████
  372 |   1490.0 |     3 | ███
  373 |   1494.0 |     3 | ███
  374 |   1498.0 |     0 | 
  375 |   1502.0 |     0 | 
  376 |   1506.0 |     1 | █
  377 |   1510.0 |     0 | 
  378 |   1514.0 |     0 | 
  379 |   1518.0 |     0 | 
  380 |   1522.0 |     0 | 
  381 |   1526.0 |     0 | 
  382 |   1530.0 |     1 | █
  383 |   1534.0 |     0 | 
  384 |   1538.0 |     0 | 
  385 |   1542.0 |     0 | 
  386 |   1546.0 |     0 | 
  387 |   1550.0 |     0 | 
  388 |   1554.0 |     0 | 
  389 |   1558.0 |     0 | 
  390 |   1562.0 |     0 | 
  391 |   1566.0 |     0 | 
  392 |   1570.0 |     0 | 
  393 |   1574.0 |     0 | 
  394 |   1578.0 |     0 | 
  395 |   1582.0 |     0 | 
  396 |   1586.0 |     0 | 
  397 |   1590.0 |     0 | 
  398 |   1594.0 |     0 | 
  399 |   1598.0 |     0 | 
  400 |   1602.0 |     0 | 
  401 |   1606.0 |     0 | 
  402 |   1610.0 |     0 | 
  403 |   1614.0 |     0 | 
  404 |   1618.0 |     0 | 
  405 |   1622.0 |     0 | 
  406 |   1626.0 |     0 | 
  407 |   1630.0 |     0 | 
  408 |   1634.0 |     0 | 
  409 |   1638.0 |     0 | 
  410 |   1642.0 |     0 | 
  411 |   1646.0 |     0 | 
  412 |   1650.0 |     0 | 
  413 |   1654.0 |     1 | █
  414 |   1658.0 |     0 | 
  415 |   1662.0 |     0 | 
  416 |   1666.0 |     0 | 
  417 |   1670.0 |     0 | 
  418 |   1674.0 |     0 | 
  419 |   1678.0 |     0 | 
  420 |   1682.0 |     0 | 
  421 |   1686.0 |     0 | 
  422 |   1690.0 |     0 | 
  423 |   1694.0 |     0 | 
  424 |   1698.0 |     0 | 